1 76	91	95	58	0
2 14	47	69	nan	1
4 34	65	69	22	1
5 68	85	95	62	1
6 64	86	75	32	1
7 70	86	90	58	1
8 66	84	75	32	0
9 36	65	57.73	18	1
10 54	78	86	50	1
11 74	91	95	72	1
13 40	70	76	42	0
14 46	78	87	62	1
15 60	83	94	42	0
16 52	77	75	26	0
17 43	76	64	28	0
18 54	81	74	44	0
19 68	83	97	66	1	
21 78	89	98	80	1
22 85	94	99	92	0	
23 46	77.33	93	54	1
24 50	78	73	44	1
27 72	88	89	76	0	
28 68	85.33	92	62	1	
29 70	84	93	52	1
31 80	91	95	68	1	
32 48	77	90	62	1
33 68	87	98	88	1
34 66	87	92	52	0
35 40	65	79	64	1
36 36	60	50	10	0
37 66	84	72	40	1

